s: i
32.0
36.9
37.9
39.0
39.0
39.0
40.1
40.1
40.1
40.6
40.1
40.6
41.2
40.6
40.6
41.2
41.2
41.2
41.2
41.2
41.2
41.2
41.7
41.2
41.7
41.2
41.7
41.7
42.2
42.2
42.2
42.2
42.2
42.2
42.2
42.2
42.2
42.2
41.2
42.2
42.2
42.2
42.2
42.2
42.8
42.8
42.2
42.2
42.2
42.2
42.2
42.2
42.8
42.8
42.2
43.3
42.2
42.2
43.3
42.8
42.2
43.3
42.8
42.8
42.2
42.2
43.3
42.2
42.8
42.2
42.8
42.8
42.2
43.3
43.3
43.3
42.8
42.8
43.3
42.8
42.8
42.8
42.8
43.3
42.8
42.8
43.3
43.3
42.8
41.2
37.9
35.8
35.8
35.8
34.7
34.7
34.7
34.2
34.7
