s: i
39.0
45.5
47.1
47.6
48.7
49.8
50.3
49.8
50.8
50.8
49.8
50.8
51.4
49.8
51.4
51.9
51.9
52.5
51.9
52.5
53.0
49.2
51.4
53.0
53.0
53.0
53.0
53.0
54.1
53.5
54.1
53.5
54.1
54.1
54.1
54.1
54.1
54.1
53.5
54.1
55.1
54.1
54.1
55.1
54.1
55.1
54.6
54.6
55.1
54.6
55.1
54.6
54.1
55.1
55.1
55.1
55.1
55.1
55.1
54.6
55.1
55.1
55.1
54.1
54.6
55.1
55.1
55.1
55.7
55.1
55.7
55.1
55.1
55.1
56.2
55.7
55.7
55.1
55.7
55.7
55.7
55.7
55.1
55.1
55.7
55.1
55.7
55.7
55.1
53.0
48.7
46.5
45.5
44.9
44.4
43.9
44.9
44.4
43.3

