s: i
33.6
40.1
42.2
43.3
43.3
43.9
44.4
44.4
44.4
44.4
44.9
44.9
45.5
44.9
46.0
45.5
46.0
46.0
46.0
46.5
46.5
46.5
45.5
46.5
47.1
46.5
47.1
47.1
47.1
47.6
47.6
47.6
47.1
47.6
47.6
47.6
47.6
48.2
48.7
48.7
48.7
48.7
48.2
48.7
48.7
48.7
48.7
48.7
48.7
48.2
48.7
48.7
48.7
48.7
48.7
48.7
49.2
49.2
49.2
49.2
48.7
49.2
48.7
48.7
49.2
49.2
49.8
49.2
48.7
49.8
49.8
49.2
50.3
49.8
49.8
49.8
49.8
49.8
49.8
49.8
49.8
50.3
49.8
50.3
50.3
50.3
49.8
50.3
50.3
49.8
43.3
41.2
41.2
40.6
40.1
40.1
40.1
39.5
40.1
40.1
