s: i
37.4
43.3
44.4
45.5
45.5
46.5
46.5
47.6
47.6
48.7
48.7
49.2
48.7
49.2
49.8
49.8
49.8
50.3
50.3
50.3
50.8
50.8
50.8
50.8
50.8
50.8
50.8
51.4
51.4
51.9
51.9
51.4
50.8
51.9
51.9
51.4
51.9
51.4
50.8
50.8
50.8
50.8
50.8
50.8
50.3
50.8
50.8
50.8
50.8
50.8
49.8
50.3
50.8
50.8
50.8
50.8
50.3
50.3
50.3
50.8
50.8
50.8
50.8
50.8
50.8
50.8
50.8
51.4
50.8
50.8
50.8
51.4
51.4
50.8
51.4
51.4
50.8
50.8
50.8
50.8
51.4
50.8
50.8
50.8
51.4
50.8
50.8
51.4
50.8
49.8
45.5
44.9
43.9
43.3
42.8
42.2
41.7
41.2
40.6
